sp|P69905|HBA_HUMAN	P69907	100.000	142	0	0	1	142	1	142	2.23e-100	286
sp|P69905|HBA_HUMAN	P69906	100.000	142	0	0	1	142	1	142	2.23e-100	286
sp|P69905|HBA_HUMAN	P69905	100.000	142	0	0	1	142	1	142	2.23e-100	286
sp|P69905|HBA_HUMAN	P01923	99.291	141	1	0	2	142	1	141	1.20e-98	282
sp|P69905|HBA_HUMAN	Q9TS35	98.592	142	2	0	1	142	1	142	2.68e-98	281
sp|P69905|HBA_HUMAN	P06635	97.887	142	3	0	1	142	1	142	4.02e-98	281
sp|P69905|HBA_HUMAN	P01924	97.872	141	3	0	2	142	1	141	3.37e-97	278
sp|P69905|HBA_HUMAN	P63108	97.183	142	4	0	1	142	1	142	3.73e-97	278
sp|P69905|HBA_HUMAN	P63107	97.183	142	4	0	1	142	1	142	3.73e-97	278
sp|P69905|HBA_HUMAN	P67817	96.479	142	5	0	1	142	1	142	1.29e-96	277
sp|P69905|HBA_HUMAN	Q9TS34	96.479	142	5	0	1	142	1	142	1.50e-96	277
sp|P69905|HBA_HUMAN	P18972	97.163	141	4	0	2	142	1	141	1.59e-96	276
sp|P69905|HBA_HUMAN	P01926	96.479	142	5	0	1	142	1	142	4.12e-96	276
sp|P69905|HBA_HUMAN	P21767	97.163	141	4	0	2	142	1	141	4.86e-96	275
sp|P69905|HBA_HUMAN	P01928	95.775	142	6	0	1	142	1	142	4.92e-96	275
sp|P69905|HBA_HUMAN	P67818	96.454	141	5	0	2	142	1	141	1.12e-95	275
sp|P69905|HBA_HUMAN	P21766	97.163	141	4	0	2	142	1	141	1.21e-95	275
sp|P69905|HBA_HUMAN	P01929	96.454	141	5	0	2	142	1	141	1.35e-95	274
sp|P69905|HBA_HUMAN	P07421	95.745	141	6	0	2	142	1	141	4.56e-95	273
sp|P69905|HBA_HUMAN	P21768	96.454	141	5	0	2	142	1	141	5.26e-95	273
sp|P69905|HBA_HUMAN	P19002	96.454	141	5	0	2	142	1	141	7.47e-95	272
sp|P69905|HBA_HUMAN	P07402	96.454	141	5	0	2	142	1	141	1.92e-94	271
sp|P69905|HBA_HUMAN	P01930	95.070	142	7	0	1	142	1	142	2.79e-94	271
sp|P69905|HBA_HUMAN	Q7M3B6	95.745	141	6	0	2	142	1	141	3.18e-94	271
sp|P69905|HBA_HUMAN	P01937	93.617	141	9	0	2	142	1	141	1.51e-92	266
sp|P69905|HBA_HUMAN	P01939	92.254	142	11	0	1	142	1	142	2.22e-92	266
sp|P69905|HBA_HUMAN	P01935	88.652	141	16	0	2	142	1	141	3.93e-92	266
sp|P69905|HBA_HUMAN	P01934	89.362	141	15	0	2	142	1	141	6.30e-92	265
sp|P69905|HBA_HUMAN	P14259	92.254	142	11	0	1	142	1	142	7.77e-92	265
sp|P69905|HBA_HUMAN	P08258	93.617	141	9	0	2	142	1	141	1.02e-91	265
sp|P69905|HBA_HUMAN	P01938	92.908	141	10	0	2	142	1	141	1.69e-91	264
sp|P69905|HBA_HUMAN	P01940	91.489	141	12	0	2	142	1	141	1.77e-91	264
sp|P69905|HBA_HUMAN	P11757	90.780	141	13	0	2	142	1	141	3.20e-91	263
sp|P69905|HBA_HUMAN	P63112	92.254	142	11	0	1	142	1	142	1.41e-90	262
sp|P69905|HBA_HUMAN	P63111	92.254	142	11	0	1	142	1	142	1.41e-90	262
sp|P69905|HBA_HUMAN	P01933	92.908	141	10	0	2	142	1	141	1.79e-90	261
sp|P69905|HBA_HUMAN	P11753	90.071	141	14	0	2	142	1	141	2.60e-90	261
sp|P69905|HBA_HUMAN	P01956	90.071	141	14	0	2	142	1	141	6.32e-90	260
sp|P69905|HBA_HUMAN	P14387	90.141	142	14	0	1	142	1	142	9.71e-90	259
sp|P69905|HBA_HUMAN	P01932	91.489	141	12	0	2	142	1	141	3.66e-89	258
sp|P69905|HBA_HUMAN	B3EWC7	90.071	141	14	0	2	142	1	141	4.92e-89	258
sp|P69905|HBA_HUMAN	P28780	90.071	141	14	0	2	142	1	141	1.06e-88	257
sp|P69905|HBA_HUMAN	P20854	88.652	141	16	0	2	142	1	141	1.31e-88	257
sp|P69905|HBA_HUMAN	P09839	89.362	141	15	0	2	142	1	141	1.56e-88	256
sp|P69905|HBA_HUMAN	P01953	88.652	141	16	0	2	142	1	141	1.92e-88	256
sp|P69905|HBA_HUMAN	P01936	89.362	141	15	0	2	142	1	141	2.31e-88	256
sp|P69905|HBA_HUMAN	Q862A7	89.510	143	14	1	1	142	1	143	3.18e-88	256
sp|P69905|HBA_HUMAN	P14389	87.234	141	18	0	2	142	1	141	4.47e-88	255
sp|P69905|HBA_HUMAN	P20018	87.943	141	17	0	2	142	1	141	5.21e-88	255
sp|P69905|HBA_HUMAN	P20019	87.943	141	17	0	2	142	1	141	8.16e-88	254
